7f45 4c46 0201 0100 0000 0000 0000 0000
0300 3e00 0100 0000 0013 0000 0000 0000
4000 0000 0000 0000 e04b 0000 0000 0000
0000 0000 4000 3800 0d00 4000 2000 1f00
0600 0000 0400 0000 4000 0000 0000 0000
4000 0000 0000 0000 4000 0000 0000 0000
d802 0000 0000 0000 d802 0000 0000 0000
0800 0000 0000 0000 0300 0000 0400 0000
1803 0000 0000 0000 1803 0000 0000 0000
1803 0000 0000 0000 1c00 0000 0000 0000
1c00 0000 0000 0000 0100 0000 0000 0000
0100 0000 0400 0000 0000 0000 0000 0000
0000 0000 0000 0000 0000 0000 0000 0000
e00e 0000 0000 0000 e00e 0000 0000 0000
0010 0000 0000 0000 0100 0000 0500 0000
0010 0000 0000 0000 0010 0000 0000 0000
0010 0000 0000 0000 5508 0000 0000 0000
5508 0000 0000 0000 0010 0000 0000 0000
0100 0000 0400 0000 0020 0000 0000 0000
0020 0000 0000 0000 0020 0000 0000 0000
3503 0000 0000 0000 3503 0000 0000 0000
0010 0000 0000 0000 0100 0000 0600 0000
d82c 0000 0000 0000 d83c 0000 0000 0000
d83c 0000 0000 0000 4003 0000 0000 0000
c006 0000 0000 0000 0010 0000 0000 0000
0200 0000 0600 0000 f02c 0000 0000 0000
f03c 0000 0000 0000 f03c 0000 0000 0000
1002 0000 0000 0000 1002 0000 0000 0000
0800 0000 0000 0000 0400 0000 0400 0000
3803 0000 0000 0000 3803 0000 0000 0000
3803 0000 0000 0000 2000 0000 0000 0000
2000 0000 0000 0000 0800 0000 0000 0000
0400 0000 0400 0000 5803 0000 0000 0000
5803 0000 0000 0000 5803 0000 0000 0000
4400 0000 0000 0000 4400 0000 0000 0000
0400 0000 0000 0000 53e5 7464 0400 0000
3803 0000 0000 0000 3803 0000 0000 0000
3803 0000 0000 0000 2000 0000 0000 0000
2000 0000 0000 0000 0800 0000 0000 0000
50e5 7464 0400 0000 3021 0000 0000 0000
3021 0000 0000 0000 3021 0000 0000 0000
5c00 0000 0000 0000 5c00 0000 0000 0000
0400 0000 0000 0000 51e5 7464 0600 0000
0000 0000 0000 0000 0000 0000 0000 0000
0000 0000 0000 0000 0000 0000 0000 0000
0000 0000 0000 0000 1000 0000 0000 0000
52e5 7464 0400 0000 d82c 0000 0000 0000
d83c 0000 0000 0000 d83c 0000 0000 0000
2803 0000 0000 0000 2803 0000 0000 0000
0100 0000 0000 0000 2f6c 6962 3634 2f6c
642d 6c69 6e75 782d 7838 362d 3634 2e73
6f2e 3200 0000 0000 0400 0000 1000 0000
0500 0000 474e 5500 0200 00c0 0400 0000
0300 0000 0000 0000 0400 0000 1400 0000
0300 0000 474e 5500 9edd 866e a7b6 7b72
9dbc 8b78 a01b c35d 8056 4a8b 0400 0000
1000 0000 0100 0000 474e 5500 0000 0000
0300 0000 0200 0000 0000 0000 0000 0000
0300 0000 1e00 0000 0100 0000 0600 0000
0000 9102 2100 1400 1e00 0000 0000 0000
2100 0000 d065 ce6d 7296 0702 256d 0c43
1598 0c43 0000 0000 0000 0000 0000 0000
0000 0000 0000 0000 0000 0000 0000 0000
cf02 0000 1200 0000 0000 0000 0000 0000
0000 0000 0000 0000 4901 0000 1200 0000
0000 0000 0000 0000 0000 0000 0000 0000
c102 0000 1200 0000 0000 0000 0000 0000
0000 0000 0000 0000 5500 0000 1200 0000
0000 0000 0000 0000 0000 0000 0000 0000
0003 0000 1200 0000 0000 0000 0000 0000
0000 0000 0000 0000 c701 0000 1200 0000
0000 0000 0000 0000 0000 0000 0000 0000
d200 0000 1200 0000 0000 0000 0000 0000
0000 0000 0000 0000 fb02 0000 1200 0000
0000 0000 0000 0000 0000 0000 0000 0000
5602 0000 1200 0000 0000 0000 0000 0000
0000 0000 0000 0000 d502 0000 1200 0000
0000 0000 0000 0000 0000 0000 0000 0000
ee02 0000 1200 0000 0000 0000 0000 0000
0000 0000 0000 0000 c802 0000 1200 0000
0000 0000 0000 0000 0000 0000 0000 0000
0602 0000 1200 0000 0000 0000 0000 0000
0000 0000 0000 0000 2e01 0000 1200 0000
0000 0000 0000 0000 0000 0000 0000 0000
dd02 0000 1200 0000 0000 0000 0000 0000
0000 0000 0000 0000 0503 0000 1200 0000
0000 0000 0000 0000 0000 0000 0000 0000
f602 0000 1200 0000 0000 0000 0000 0000
0000 0000 0000 0000 9800 0000 1200 0000
0000 0000 0000 0000 0000 0000 0000 0000
2d03 0000 1200 0000 0000 0000 0000 0000
0000 0000 0000 0000 3e02 0000 1200 0000
0000 0000 0000 0000 0000 0000 0000 0000
1303 0000 1200 0000 0000 0000 0000 0000
0000 0000 0000 0000 b201 0000 1200 0000
0000 0000 0000 0000 0000 0000 0000 0000
1f00 0000 2000 0000 0000 0000 0000 0000
0000 0000 0000 0000 a802 0000 1200 0000
0000 0000 0000 0000 0000 0000 0000 0000
3403 0000 1200 0000 0000 0000 0000 0000
0000 0000 0000 0000 1000 0000 2000 0000
0000 0000 0000 0000 0000 0000 0000 0000
3b00 0000 2000 0000 0000 0000 0000 0000
0000 0000 0000 0000 1803 0000 1200 0000
0000 0000 0000 0000 0000 0000 0000 0000
1601 0000 1200 0000 0000 0000 0000 0000
0000 0000 0000 0000 1e03 0000 2200 0000
0000 0000 0000 0000 0000 0000 0000 0000
0d01 0000 1100 1b00 6041 0000 0000 0000
1801 0000 0000 0000 3f01 0000 1100 1b00
8042 0000 0000 0000 1001 0000 0000 0000
9002 0000 1100 1b00 4040 0000 0000 0000
1001 0000 0000 0000 006c 6962 7374 6463
2b2b 2e73 6f2e 3600 5f5f 676d 6f6e 5f73
7461 7274 5f5f 005f 4954 4d5f 6465 7265
6769 7374 6572 544d 436c 6f6e 6554 6162
6c65 005f 4954 4d5f 7265 6769 7374 6572
544d 436c 6f6e 6554 6162 6c65 005f 5a4e
4b53 7437 5f5f 6378 7831 3131 3262 6173
6963 5f73 7472 696e 6749 6353 7431 3163
6861 725f 7472 6169 7473 4963 4553 6149
6345 4537 636f 6d70 6172 6545 504b 6300
5f5a 4e53 7437 5f5f 6378 7831 3131 3262
6173 6963 5f73 7472 696e 6749 6353 7431
3163 6861 725f 7472 6169 7473 4963 4553
6149 6345 4543 3145 7600 5f5a 5374 3465
6e64 6c49 6353 7431 3163 6861 725f 7472
6169 7473 4963 4545 5253 7431 3362 6173
6963 5f6f 7374 7265 616d 4954 5f54 305f
4553 365f 005f 5a53 7433 6369 6e00 5f5a
4e53 7438 696f 735f 6261 7365 3449 6e69
7444 3145 7600 5f5a 4e53 6f6c 7345 5046
5253 6f53 5f45 005f 5a53 7434 6365 7272
005f 5a53 7437 6765 746c 696e 6549 6353
7431 3163 6861 725f 7472 6169 7473 4963
4553 6149 6345 4552 5374 3133 6261 7369
635f 6973 7472 6561 6d49 545f 5430 5f45
5337 5f52 4e53 7437 5f5f 6378 7831 3131
3262 6173 6963 5f73 7472 696e 6749 5334
5f53 355f 5431 5f45 4500 5f5f 6778 785f
7065 7273 6f6e 616c 6974 795f 7630 005f
5a4e 4b53 7437 5f5f 6378 7831 3131 3262
6173 6963 5f73 7472 696e 6749 6353 7431
3163 6861 725f 7472 6169 7473 4963 4553
6149 6345 4535 635f 7374 7245 7600 5f5a
5374 6c73 4953 7431 3163 6861 725f 7472
6169 7473 4963 4545 5253 7431 3362 6173
6963 5f6f 7374 7265 616d 4963 545f 4553
355f 504b 6300 5f5a 4e53 7438 696f 735f
6261 7365 3449 6e69 7443 3145 7600 5f5a
4e53 7437 5f5f 6378 7831 3131 3262 6173
6963 5f73 7472 696e 6749 6353 7431 3163
6861 725f 7472 6169 7473 4963 4553 6149
6345 4544 3145 7600 5f5a 5374 3463 6f75
7400 6c69 6267 6363 5f73 2e73 6f2e 3100
5f55 6e77 696e 645f 5265 7375 6d65 006c
6962 632e 736f 2e36 0073 6f63 6b65 7400
7374 7263 7079 0068 746f 6e73 0063 6f6e
6e65 6374 005f 5f73 7461 636b 5f63 686b
5f66 6169 6c00 5f5f 6378 615f 6174 6578
6974 0073 656e 6400 7265 6376 0067 6574
686f 7374 6279 6e61 6d65 0061 746f 6900
636c 6f73 6500 5f5f 6378 615f 6669 6e61
6c69 7a65 0073 7472 636d 7000 5f5f 6c69
6263 5f73 7461 7274 5f6d 6169 6e00 4743
435f 332e 3000 4358 5841 4249 5f31 2e33
0047 4c49 4243 5858 5f33 2e34 0047 4c49
4243 5858 5f33 2e34 2e32 3100 474c 4942
435f 322e 3400 474c 4942 435f 322e 322e
3500 0000 0200 0300 0200 0300 0200 0300
0400 0200 0300 0200 0200 0200 0400 0400
0500 0200 0200 0300 0200 0400 0200 0600
0000 0700 0200 0000 0000 0200 0400 0200
0400 0400 0400 0000 0100 0100 9a02 0000
1000 0000 2000 0000 5026 790b 0000 0700
4603 0000 0000 0000 0100 0300 0100 0000
1000 0000 4000 0000 d3af 6b05 0000 0600
4e03 0000 1000 0000 7429 9208 0000 0400
5903 0000 1000 0000 71f8 9702 0000 0300
6503 0000 0000 0000 0100 0200 b702 0000
1000 0000 0000 0000 1469 690d 0000 0500
7403 0000 1000 0000 751a 6909 0000 0200
7e03 0000 0000 0000 d83c 0000 0000 0000
0800 0000 0000 0000 e013 0000 0000 0000
e03c 0000 0000 0000 0800 0000 0000 0000
7d17 0000 0000 0000 e83c 0000 0000 0000
0800 0000 0000 0000 a013 0000 0000 0000
0840 0000 0000 0000 0800 0000 0000 0000
0840 0000 0000 0000 c83f 0000 0000 0000
0600 0000 1e00 0000 0000 0000 0000 0000
d03f 0000 0000 0000 0600 0000 0700 0000
0000 0000 0000 0000 d83f 0000 0000 0000
0600 0000 1700 0000 0000 0000 0000 0000
e03f 0000 0000 0000 0600 0000 1900 0000
0000 0000 0000 0000 e83f 0000 0000 0000
0600 0000 1a00 0000 0000 0000 0000 0000
f03f 0000 0000 0000 0600 0000 1b00 0000
0000 0000 0000 0000 f83f 0000 0000 0000
0600 0000 1d00 0000 0000 0000 0000 0000
1040 0000 0000 0000 0100 0000 1600 0000
0000 0000 0000 0000 4040 0000 0000 0000
0500 0000 2100 0000 0000 0000 0000 0000
6041 0000 0000 0000 0500 0000 1f00 0000
0000 0000 0000 0000 8042 0000 0000 0000
0500 0000 2000 0000 0000 0000 0000 0000
183f 0000 0000 0000 0700 0000 0100 0000
0000 0000 0000 0000 203f 0000 0000 0000
0700 0000 0200 0000 0000 0000 0000 0000
283f 0000 0000 0000 0700 0000 0300 0000
0000 0000 0000 0000 303f 0000 0000 0000
0700 0000 0400 0000 0000 0000 0000 0000
383f 0000 0000 0000 0700 0000 0500 0000
0000 0000 0000 0000 403f 0000 0000 0000
0700 0000 0600 0000 0000 0000 0000 0000
483f 0000 0000 0000 0700 0000 0800 0000
0000 0000 0000 0000 503f 0000 0000 0000
0700 0000 0900 0000 0000 0000 0000 0000
583f 0000 0000 0000 0700 0000 0a00 0000
0000 0000 0000 0000 603f 0000 0000 0000
0700 0000 0b00 0000 0000 0000 0000 0000
683f 0000 0000 0000 0700 0000 0c00 0000
0000 0000 0000 0000 703f 0000 0000 0000
0700 0000 0d00 0000 0000 0000 0000 0000
783f 0000 0000 0000 0700 0000 0e00 0000
0000 0000 0000 0000 803f 0000 0000 0000
0700 0000 0f00 0000 0000 0000 0000 0000
883f 0000 0000 0000 0700 0000 1000 0000
0000 0000 0000 0000 903f 0000 0000 0000
0700 0000 1100 0000 0000 0000 0000 0000
983f 0000 0000 0000 0700 0000 1200 0000
0000 0000 0000 0000 a03f 0000 0000 0000
0700 0000 1300 0000 0000 0000 0000 0000
a83f 0000 0000 0000 0700 0000 1400 0000
0000 0000 0000 0000 b03f 0000 0000 0000
0700 0000 1500 0000 0000 0000 0000 0000
b83f 0000 0000 0000 0700 0000 1800 0000
0000 0000 0000 0000 c03f 0000 0000 0000
0700 0000 1c00 0000 0000 0000 0000 0000
0000 0000 0000 0000 0000 0000 0000 0000
0000 0000 0000 0000 0000 0000 0000 0000
0000 0000 0000 0000 0000 0000 0000 0000
0000 0000 0000 0000 0000 0000 0000 0000
0000 0000 0000 0000 0000 0000 0000 0000
0000 0000 0000 0000 0000 0000 0000 0000
0000 0000 0000 0000 0000 0000 0000 0000
0000 0000 0000 0000 0000 0000 0000 0000
0000 0000 0000 0000 0000 0000 0000 0000
0000 0000 0000 0000 0000 0000 0000 0000
0000 0000 0000 0000 0000 0000 0000 0000
0000 0000 0000 0000 0000 0000 0000 0000
0000 0000 0000 0000 0000 0000 0000 0000
0000 0000 0000 0000 0000 0000 0000 0000
0000 0000 0000 0000 0000 0000 0000 0000
0000 0000 0000 0000 0000 0000 0000 0000
0000 0000 0000 0000 0000 0000 0000 0000
0000 0000 0000 0000 0000 0000 0000 0000
f30f 1efa 4883 ec08 488b 05d9 2f00 0048
85c0 7402 ffd0 4883 c408 c300 0000 0000
ff35 e22e 0000 f2ff 25e3 2e00 000f 1f00
f30f 1efa 6800 0000 00f2 e9e1 ffff ff90
f30f 1efa 6801 0000 00f2 e9d1 ffff ff90
f30f 1efa 6802 0000 00f2 e9c1 ffff ff90
f30f 1efa 6803 0000 00f2 e9b1 ffff ff90
f30f 1efa 6804 0000 00f2 e9a1 ffff ff90
f30f 1efa 6805 0000 00f2 e991 ffff ff90
f30f 1efa 6806 0000 00f2 e981 ffff ff90
f30f 1efa 6807 0000 00f2 e971 ffff ff90
f30f 1efa 6808 0000 00f2 e961 ffff ff90
f30f 1efa 6809 0000 00f2 e951 ffff ff90
f30f 1efa 680a 0000 00f2 e941 ffff ff90
f30f 1efa 680b 0000 00f2 e931 ffff ff90
f30f 1efa 680c 0000 00f2 e921 ffff ff90
f30f 1efa 680d 0000 00f2 e911 ffff ff90
f30f 1efa 680e 0000 00f2 e901 ffff ff90
f30f 1efa 680f 0000 00f2 e9f1 feff ff90
f30f 1efa 6810 0000 00f2 e9e1 feff ff90
f30f 1efa 6811 0000 00f2 e9d1 feff ff90
f30f 1efa 6812 0000 00f2 e9c1 feff ff90
f30f 1efa 6813 0000 00f2 e9b1 feff ff90
f30f 1efa 6814 0000 00f2 e9a1 feff ff90
f30f 1efa 6815 0000 00f2 e991 feff ff90
f30f 1efa f2ff 252d 2e00 000f 1f44 0000
f30f 1efa f2ff 256d 2d00 000f 1f44 0000
f30f 1efa f2ff 2565 2d00 000f 1f44 0000
f30f 1efa f2ff 255d 2d00 000f 1f44 0000
f30f 1efa f2ff 2555 2d00 000f 1f44 0000
f30f 1efa f2ff 254d 2d00 000f 1f44 0000
f30f 1efa f2ff 2545 2d00 000f 1f44 0000
f30f 1efa f2ff 253d 2d00 000f 1f44 0000
f30f 1efa f2ff 2535 2d00 000f 1f44 0000
f30f 1efa f2ff 252d 2d00 000f 1f44 0000
f30f 1efa f2ff 2525 2d00 000f 1f44 0000
f30f 1efa f2ff 251d 2d00 000f 1f44 0000
f30f 1efa f2ff 2515 2d00 000f 1f44 0000
f30f 1efa f2ff 250d 2d00 000f 1f44 0000
f30f 1efa f2ff 2505 2d00 000f 1f44 0000
f30f 1efa f2ff 25fd 2c00 000f 1f44 0000
f30f 1efa f2ff 25f5 2c00 000f 1f44 0000
f30f 1efa f2ff 25ed 2c00 000f 1f44 0000
f30f 1efa f2ff 25e5 2c00 000f 1f44 0000
f30f 1efa f2ff 25dd 2c00 000f 1f44 0000
f30f 1efa f2ff 25d5 2c00 000f 1f44 0000
f30f 1efa f2ff 25cd 2c00 000f 1f44 0000
f30f 1efa f2ff 25c5 2c00 000f 1f44 0000
f30f 1efa 31ed 4989 d15e 4889 e248 83e4
f050 544c 8d05 2605 0000 488d 0daf 0400
0048 8d3d c100 0000 ff15 b22c 0000 f490
488d 3de1 2c00 0048 8d05 da2c 0000 4839
f874 1548 8b05 8e2c 0000 4885 c074 09ff
e00f 1f80 0000 0000 c30f 1f80 0000 0000
488d 3db1 2c00 0048 8d35 aa2c 0000 4829
fe48 89f0 48c1 ee3f 48c1 f803 4801 c648
d1fe 7414 488b 0565 2c00 0048 85c0 7408
ffe0 660f 1f44 0000 c30f 1f80 0000 0000
f30f 1efa 803d e52f 0000 0075 2b55 4883
3d12 2c00 0000 4889 e574 0c48 8b3d 462c
0000 e8c9 fdff ffe8 64ff ffff c605 bd2f
0000 015d c30f 1f00 c30f 1f80 0000 0000
f30f 1efa e977 ffff fff3 0f1e fa55 4889
e553 4881 ec58 0600 0089 bdac f9ff ff48
89b5 a0f9 ffff 6448 8b04 2528 0000 0048
8945 e831 c083 bdac f9ff ff03 7432 488d
358b 0c00 0048 8d3d 542e 0000 e81f feff
ff48 89c2 488b 0595 2b00 0048 89c6 4889
d7e8 1afe ffff bf00 0000 00e8 40fe ffff
488b 85a0 f9ff ff48 8b40 0848 8985 c0f9
ffff 488b 85a0 f9ff ff48 83c0 1048 8b00
4889 c7e8 58fe ffff 8985 b4f9 ffff 488b
85c0 f9ff ff48 89c7 e8f3 fdff ff48 8985
c8f9 ffff 66c7 85d0 f9ff ff02 008b 85b4
f9ff ff0f b7c0 89c7 e8f3 fcff ff66 8985
d2f9 ffff 488b 85c8 f9ff ff48 8b40 1848
8b00 8b00 8985 d4f9 ffff ba00 0000 00be
0100 0000 bf02 0000 00e8 e2fc ffff 8985
b8f9 ffff 488d 8dd0 f9ff ff8b 85b8 f9ff
ffba 1000 0000 4889 ce89 c7e8 20fd ffff
8985 bcf9 ffff 83bd bcf9 ffff 0079 3248
8d35 bb0b 0000 488d 3d63 2d00 00e8 2efd
ffff 4889 c248 8b05 a42a 0000 4889 c648
89d7 e829 fdff ffbf 0000 0000 e84f fdff
ff48 8d35 9b0b 0000 488d 3df1 2a00 00e8
fcfc ffff 4889 c248 8b05 722a 0000 4889
c648 89d7 e8f7 fcff ff48 8d85 e0f9 ffff
4889 c7e8 28fd ffff 488d 357b 0b00 0048
8d3d ba2a 0000 e8c5 fcff ff48 8d85 e0f9
ffff 4889 c648 8d3d c42b 0000 e80f fcff
ff48 8d85 e0f9 ffff 4889 c7e8 40fc ffff
4889 c248 8d85 00fa ffff 4889 d648 89c7
e87b fcff ff48 8d85 e0f9 ffff 488d 3530
0b00 0048 89c7 e8bb 0100 0084 c074 3248
8d35 220b 0000 488d 3d53 2a00 00e8 5efc
ffff 4889 c248 8b05 d429 0000 4889 c648
89d7 e859 fcff ffbb 0000 0000 e9b3 0000
0048 8db5 00fa ffff 8b85 b8f9 ffff b900
0000 00ba dc05 0000 89c7 e8d1 fbff ff48
8d35 e80a 0000 488d 3d03 2a00 00e8 0efc
ffff 488d b500 faff ff8b 85b8 f9ff ffb9
0000 0000 badc 0500 0089 c7e8 80fb ffff
488d 8500 faff ff48 8d35 b90a 0000 4889
c7e8 3afc ffff 85c0 752f 488d 3587 0a00
0048 8d3d b829 0000 e8c3 fbff ff48 89c2
488b 0539 2900 0048 89c6 4889 d7e8 befb
ffff bb00 0000 00eb 1b48 8d85 00fa ffff
4889 c648 8d3d 8629 0000 e891 fbff ffbb
0100 0000 488d 85e0 f9ff ff48 89c7 e83d
fbff ff83 fb01 7505 e98c feff ff8b 85b8
f9ff ff89 c7e8 06fc ffff b800 0000 0048
8b4d e864 4833 0c25 2800 0000 7428 eb21
f30f 1efa 4889 c348 8d85 e0f9 ffff 4889
c7e8 fafa ffff 4889 d848 89c7 e8bf fbff
ffe8 4afb ffff 4881 c458 0600 005b 5dc3
f30f 1efa 5548 89e5 4883 ec10 897d fc89
75f8 837d fc01 7532 817d f8ff ff00 0075
2948 8d3d 392c 0000 e863 fbff ff48 8d15
a428 0000 488d 3526 2c00 0048 8b05 8628
0000 4889 c7e8 b6fa ffff 90c9 c3f3 0f1e
fa55 4889 e5be ffff 0000 bf01 0000 00e8
9cff ffff 5dc3 f30f 1efa 5548 89e5 4883
ec10 4889 7df8 4889 75f0 488b 55f0 488b
45f8 4889 d648 89c7 e813 faff ff85 c00f
94c0 c9c3 662e 0f1f 8400 0000 0000 6690
f30f 1efa 4157 4c8d 3dfb 2400 0041 5649
89d6 4155 4989 f541 5441 89fc 5548 8d2d
f424 0000 534c 29fd 4883 ec08 e8ff f7ff
ff48 c1fd 0374 1f31 db0f 1f80 0000 0000
4c89 f24c 89ee 4489 e741 ff14 df48 83c3
0148 39dd 75ea 4883 c408 5b5d 415c 415d
415e 415f c366 662e 0f1f 8400 0000 0000
f30f 1efa c300 0000 f30f 1efa 4883 ec08
4883 c408 c300 0000 0000 0000 0000 0000
0000 0000 0000 0000 0000 0000 0000 0000
0000 0000 0000 0000 0000 0000 0000 0000
0000 0000 0000 0000 0000 0000 0000 0000
0000 0000 0000 0000 0000 0000 0000 0000
0000 0000 0000 0000 0000 0000 0000 0000
0000 0000 0000 0000 0000 0000 0000 0000
0000 0000 0000 0000 0000 0000 0000 0000
0000 0000 0000 0000 0000 0000 0000 0000
0000 0000 0000 0000 0000 0000 0000 0000
0000 0000 0000 0000 0000 0000 0000 0000
0000 0000 0000 0000 0000 0000 0000 0000
0000 0000 0000 0000 0000 0000 0000 0000
0000 0000 0000 0000 0000 0000 0000 0000
0000 0000 0000 0000 0000 0000 0000 0000
0000 0000 0000 0000 0000 0000 0000 0000
0000 0000 0000 0000 0000 0000 0000 0000
0000 0000 0000 0000 0000 0000 0000 0000
0000 0000 0000 0000 0000 0000 0000 0000
0000 0000 0000 0000 0000 0000 0000 0000
0000 0000 0000 0000 0000 0000 0000 0000
0000 0000 0000 0000 0000 0000 0000 0000
0000 0000 0000 0000 0000 0000 0000 0000
0000 0000 0000 0000 0000 0000 0000 0000
0000 0000 0000 0000 0000 0000 0000 0000
0000 0000 0000 0000 0000 0000 0000 0000
0000 0000 0000 0000 0000 0000 0000 0000
0000 0000 0000 0000 0000 0000 0000 0000
0000 0000 0000 0000 0000 0000 0000 0000
0000 0000 0000 0000 0000 0000 0000 0000
0000 0000 0000 0000 0000 0000 0000 0000
0000 0000 0000 0000 0000 0000 0000 0000
0000 0000 0000 0000 0000 0000 0000 0000
0000 0000 0000 0000 0000 0000 0000 0000
0000 0000 0000 0000 0000 0000 0000 0000
0000 0000 0000 0000 0000 0000 0000 0000
0000 0000 0000 0000 0000 0000 0000 0000
0000 0000 0000 0000 0000 0000 0000 0000
0000 0000 0000 0000 0000 0000 0000 0000
0000 0000 0000 0000 0000 0000 0000 0000
0000 0000 0000 0000 0000 0000 0000 0000
0000 0000 0000 0000 0000 0000 0000 0000
0000 0000 0000 0000 0000 0000 0000 0000
0000 0000 0000 0000 0000 0000 0000 0000
0000 0000 0000 0000 0000 0000 0000 0000
0000 0000 0000 0000 0000 0000 0000 0000
0000 0000 0000 0000 0000 0000 0000 0000
0000 0000 0000 0000 0000 0000 0000 0000
0000 0000 0000 0000 0000 0000 0000 0000
0000 0000 0000 0000 0000 0000 0000 0000
0000 0000 0000 0000 0000 0000 0000 0000
0000 0000 0000 0000 0000 0000 0000 0000
0000 0000 0000 0000 0000 0000 0000 0000
0000 0000 0000 0000 0000 0000 0000 0000
0000 0000 0000 0000 0000 0000 0000 0000
0000 0000 0000 0000 0000 0000 0000 0000
0000 0000 0000 0000 0000 0000 0000 0000
0000 0000 0000 0000 0000 0000 0000 0000
0000 0000 0000 0000 0000 0000 0000 0000
0000 0000 0000 0000 0000 0000 0000 0000
0000 0000 0000 0000 0000 0000 0000 0000
0000 0000 0000 0000 0000 0000 0000 0000
0000 0000 0000 0000 0000 0000 0000 0000
0000 0000 0000 0000 0000 0000 0000 0000
0000 0000 0000 0000 0000 0000 0000 0000
0000 0000 0000 0000 0000 0000 0000 0000
0000 0000 0000 0000 0000 0000 0000 0000
0000 0000 0000 0000 0000 0000 0000 0000
0000 0000 0000 0000 0000 0000 0000 0000
0000 0000 0000 0000 0000 0000 0000 0000
0000 0000 0000 0000 0000 0000 0000 0000
0000 0000 0000 0000 0000 0000 0000 0000
0000 0000 0000 0000 0000 0000 0000 0000
0000 0000 0000 0000 0000 0000 0000 0000
0000 0000 0000 0000 0000 0000 0000 0000
0000 0000 0000 0000 0000 0000 0000 0000
0000 0000 0000 0000 0000 0000 0000 0000
0000 0000 0000 0000 0000 0000 0000 0000
0000 0000 0000 0000 0000 0000 0000 0000
0000 0000 0000 0000 0000 0000 0000 0000
0000 0000 0000 0000 0000 0000 0000 0000
0000 0000 0000 0000 0000 0000 0000 0000
0000 0000 0000 0000 0000 0000 0000 0000
0000 0000 0000 0000 0000 0000 0000 0000
0000 0000 0000 0000 0000 0000 0000 0000
0000 0000 0000 0000 0000 0000 0000 0000
0000 0000 0000 0000 0000 0000 0000 0000
0000 0000 0000 0000 0000 0000 0000 0000
0000 0000 0000 0000 0000 0000 0000 0000
0000 0000 0000 0000 0000 0000 0000 0000
0000 0000 0000 0000 0000 0000 0000 0000
0000 0000 0000 0000 0000 0000 0000 0000
0000 0000 0000 0000 0000 0000 0000 0000
0000 0000 0000 0000 0000 0000 0000 0000
0000 0000 0000 0000 0000 0000 0000 0000
0000 0000 0000 0000 0000 0000 0000 0000
0000 0000 0000 0000 0000 0000 0000 0000
0000 0000 0000 0000 0000 0000 0000 0000
0000 0000 0000 0000 0000 0000 0000 0000
0000 0000 0000 0000 0000 0000 0000 0000
0000 0000 0000 0000 0000 0000 0000 0000
0000 0000 0000 0000 0000 0000 0000 0000
0000 0000 0000 0000 0000 0000 0000 0000
0000 0000 0000 0000 0000 0000 0000 0000
0000 0000 0000 0000 0000 0000 0000 0000
0000 0000 0000 0000 0000 0000 0000 0000
0000 0000 0000 0000 0000 0000 0000 0000
0000 0000 0000 0000 0000 0000 0000 0000
0000 0000 0000 0000 0000 0000 0000 0000
0000 0000 0000 0000 0000 0000 0000 0000
0000 0000 0000 0000 0000 0000 0000 0000
0000 0000 0000 0000 0000 0000 0000 0000
0000 0000 0000 0000 0000 0000 0000 0000
0000 0000 0000 0000 0000 0000 0000 0000
0000 0000 0000 0000 0000 0000 0000 0000
0000 0000 0000 0000 0000 0000 0000 0000
0000 0000 0000 0000 0000 0000 0000 0000
0000 0000 0000 0000 0000 0000 0000 0000
0000 0000 0000 0000 0000 0000 0000 0000
0000 0000 0000 0000 0000 0000 0000 0000
0000 0000 0000 0000 0000 0000 0000 0000
0000 0000 0000 0000 0000 0000 0000 0000
0000 0000 0000 0000 0000 0000 0000 0000
0100 0200 0000 0000 0000 0000 0200 0000
0000 0000 0100 0000 0200 0000 0400 0000
0800 0000 1000 0000 2000 0000 4000 0000
8000 0000 0001 0000 0002 0000 0004 0000
0000 0000 0100 0000 0200 0000 0400 0000
0800 0000 1000 0000 2000 0000 4000 0000
8000 0000 0000 0000 0001 0000 0002 0000
0004 0000 0000 0000 0100 0000 0200 0000
0300 0000 0400 0000 0500 0000 0600 0000
0700 0000 0800 0000 0900 0000 0a00 0000
0b00 0000 0c00 0000 ffff ffff ffff ffff
4d69 7373 696e 6720 686f 7374 6e61 6d65
2061 6e64 2070 6f72 7420 6e75 6d62 6572
0045 7272 6f72 2043 6f6e 6e65 6374 696e
6721 0053 7563 6365 7373 6675 6c20 436f
6e6e 6563 7469 6f6e 2100 436c 6965 6e74
3a20 0065 7869 7400 436f 6e6e 6563 7469
6f6e 2074 6572 6d69 6e61 7465 6400 5365
7276 6572 203a 0020 6578 6974 0000 0000
011b 033b 5c00 0000 0a00 0000 f0ee ffff
9000 0000 60f0 ffff b800 0000 70f0 ffff
d000 0000 d0f1 ffff 7800 0000 b9f2 ffff
0801 0000 00f6 ffff 5001 0000 4df6 ffff
7001 0000 66f6 ffff 3001 0000 a0f6 ffff
9001 0000 10f7 ffff d801 0000 0000 0000
1400 0000 0000 0000 017a 5200 0178 1001
1b0c 0708 9001 0000 1400 0000 1c00 0000
50f1 ffff 2f00 0000 0044 0710 0000 0000
2400 0000 3400 0000 58ee ffff 7001 0000
000e 1046 0e18 4a0f 0b77 0880 003f 1a3a
2a33 2422 0000 0000 1400 0000 5c00 0000
a0ef ffff 1000 0000 0000 0000 0000 0000
1400 0000 7400 0000 98ef ffff 6001 0000
0000 0000 0000 0000 1c00 0000 0000 0000
017a 504c 5200 0178 1007 9be5 1d00 001b
1b0c 0708 9001 0000 2400 0000 2400 0000
a9f1 ffff 4703 0000 04d7 0000 0045 0e10
8602 430d 0648 8303 0336 030c 0708 0000
1c00 0000 d400 0000 2ef5 ffff 2e00 0000
0045 0e10 8602 430d 0665 0c07 0800 0000
1c00 0000 f400 0000 a8f4 ffff 4d00 0000
0045 0e10 8602 430d 0602 440c 0708 0000
1c00 0000 1401 0000 d5f4 ffff 1900 0000
0045 0e10 8602 430d 0650 0c07 0800 0000
4400 0000 3401 0000 08f5 ffff 6500 0000
0046 0e10 8f02 490e 188e 0345 0e20 8d04
450e 288c 0544 0e30 8606 480e 3883 0747
0e40 6e0e 3841 0e30 410e 2842 0e20 420e
1842 0e10 420e 0800 1000 0000 7c01 0000
30f5 ffff 0500 0000 0000 0000 0000 0000
ffff 0111 43bd 0200 009d 03b9 0297 0600
fc05 3c00 0000 0000 0000 0000 0000 0000
0000 0000 0000 0000 0000 0000 0000 0000
0000 0000 0000 0000 0000 0000 0000 0000
0000 0000 0000 0000 0000 0000 0000 0000
0000 0000 0000 0000 0000 0000 0000 0000
0000 0000 0000 0000 0000 0000 0000 0000
0000 0000 0000 0000 0000 0000 0000 0000
0000 0000 0000 0000 0000 0000 0000 0000
0000 0000 0000 0000 0000 0000 0000 0000
0000 0000 0000 0000 0000 0000 0000 0000
0000 0000 0000 0000 0000 0000 0000 0000
0000 0000 0000 0000 0000 0000 0000 0000
0000 0000 0000 0000 0000 0000 0000 0000
0000 0000 0000 0000 0000 0000 0000 0000
0000 0000 0000 0000 0000 0000 0000 0000
0000 0000 0000 0000 0000 0000 0000 0000
0000 0000 0000 0000 0000 0000 0000 0000
0000 0000 0000 0000 0000 0000 0000 0000
0000 0000 0000 0000 0000 0000 0000 0000
0000 0000 0000 0000 0000 0000 0000 0000
0000 0000 0000 0000 0000 0000 0000 0000
0000 0000 0000 0000 0000 0000 0000 0000
0000 0000 0000 0000 0000 0000 0000 0000
0000 0000 0000 0000 0000 0000 0000 0000
0000 0000 0000 0000 0000 0000 0000 0000
0000 0000 0000 0000 0000 0000 0000 0000
0000 0000 0000 0000 0000 0000 0000 0000
0000 0000 0000 0000 0000 0000 0000 0000
0000 0000 0000 0000 0000 0000 0000 0000
0000 0000 0000 0000 0000 0000 0000 0000
0000 0000 0000 0000 0000 0000 0000 0000
0000 0000 0000 0000 0000 0000 0000 0000
0000 0000 0000 0000 0000 0000 0000 0000
0000 0000 0000 0000 0000 0000 0000 0000
0000 0000 0000 0000 0000 0000 0000 0000
0000 0000 0000 0000 0000 0000 0000 0000
0000 0000 0000 0000 0000 0000 0000 0000
0000 0000 0000 0000 0000 0000 0000 0000
0000 0000 0000 0000 0000 0000 0000 0000
0000 0000 0000 0000 0000 0000 0000 0000
0000 0000 0000 0000 0000 0000 0000 0000
0000 0000 0000 0000 0000 0000 0000 0000
0000 0000 0000 0000 0000 0000 0000 0000
0000 0000 0000 0000 0000 0000 0000 0000
0000 0000 0000 0000 0000 0000 0000 0000
0000 0000 0000 0000 0000 0000 0000 0000
0000 0000 0000 0000 0000 0000 0000 0000
0000 0000 0000 0000 0000 0000 0000 0000
0000 0000 0000 0000 0000 0000 0000 0000
0000 0000 0000 0000 0000 0000 0000 0000
0000 0000 0000 0000 0000 0000 0000 0000
0000 0000 0000 0000 0000 0000 0000 0000
0000 0000 0000 0000 0000 0000 0000 0000
0000 0000 0000 0000 0000 0000 0000 0000
0000 0000 0000 0000 0000 0000 0000 0000
0000 0000 0000 0000 0000 0000 0000 0000
0000 0000 0000 0000 0000 0000 0000 0000
0000 0000 0000 0000 0000 0000 0000 0000
0000 0000 0000 0000 0000 0000 0000 0000
0000 0000 0000 0000 0000 0000 0000 0000
0000 0000 0000 0000 0000 0000 0000 0000
0000 0000 0000 0000 0000 0000 0000 0000
0000 0000 0000 0000 0000 0000 0000 0000
0000 0000 0000 0000 0000 0000 0000 0000
0000 0000 0000 0000 0000 0000 0000 0000
0000 0000 0000 0000 0000 0000 0000 0000
0000 0000 0000 0000 0000 0000 0000 0000
0000 0000 0000 0000 0000 0000 0000 0000
0000 0000 0000 0000 0000 0000 0000 0000
0000 0000 0000 0000 0000 0000 0000 0000
0000 0000 0000 0000 0000 0000 0000 0000
0000 0000 0000 0000 0000 0000 0000 0000
0000 0000 0000 0000 0000 0000 0000 0000
0000 0000 0000 0000 0000 0000 0000 0000
0000 0000 0000 0000 0000 0000 0000 0000
0000 0000 0000 0000 0000 0000 0000 0000
0000 0000 0000 0000 0000 0000 0000 0000
0000 0000 0000 0000 0000 0000 0000 0000
0000 0000 0000 0000 0000 0000 0000 0000
0000 0000 0000 0000 0000 0000 0000 0000
0000 0000 0000 0000 0000 0000 0000 0000
0000 0000 0000 0000 0000 0000 0000 0000
0000 0000 0000 0000 0000 0000 0000 0000
0000 0000 0000 0000 0000 0000 0000 0000
0000 0000 0000 0000 0000 0000 0000 0000
0000 0000 0000 0000 0000 0000 0000 0000
0000 0000 0000 0000 0000 0000 0000 0000
0000 0000 0000 0000 0000 0000 0000 0000
0000 0000 0000 0000 0000 0000 0000 0000
0000 0000 0000 0000 0000 0000 0000 0000
0000 0000 0000 0000 0000 0000 0000 0000
0000 0000 0000 0000 0000 0000 0000 0000
0000 0000 0000 0000 0000 0000 0000 0000
0000 0000 0000 0000 0000 0000 0000 0000
0000 0000 0000 0000 0000 0000 0000 0000
0000 0000 0000 0000 0000 0000 0000 0000
0000 0000 0000 0000 0000 0000 0000 0000
0000 0000 0000 0000 0000 0000 0000 0000
0000 0000 0000 0000 0000 0000 0000 0000
0000 0000 0000 0000 0000 0000 0000 0000
0000 0000 0000 0000 0000 0000 0000 0000
0000 0000 0000 0000 0000 0000 0000 0000
0000 0000 0000 0000 0000 0000 0000 0000
0000 0000 0000 0000 0000 0000 0000 0000
0000 0000 0000 0000 0000 0000 0000 0000
0000 0000 0000 0000 0000 0000 0000 0000
0000 0000 0000 0000 0000 0000 0000 0000
0000 0000 0000 0000 0000 0000 0000 0000
0000 0000 0000 0000 0000 0000 0000 0000
0000 0000 0000 0000 0000 0000 0000 0000
0000 0000 0000 0000 0000 0000 0000 0000
0000 0000 0000 0000 0000 0000 0000 0000
0000 0000 0000 0000 0000 0000 0000 0000
0000 0000 0000 0000 0000 0000 0000 0000
0000 0000 0000 0000 0000 0000 0000 0000
0000 0000 0000 0000 0000 0000 0000 0000
0000 0000 0000 0000 0000 0000 0000 0000
0000 0000 0000 0000 0000 0000 0000 0000
0000 0000 0000 0000 0000 0000 0000 0000
0000 0000 0000 0000 0000 0000 0000 0000
0000 0000 0000 0000 0000 0000 0000 0000
0000 0000 0000 0000 0000 0000 0000 0000
0000 0000 0000 0000 0000 0000 0000 0000
0000 0000 0000 0000 0000 0000 0000 0000
0000 0000 0000 0000 0000 0000 0000 0000
0000 0000 0000 0000 0000 0000 0000 0000
0000 0000 0000 0000 0000 0000 0000 0000
0000 0000 0000 0000 0000 0000 0000 0000
0000 0000 0000 0000 0000 0000 0000 0000
0000 0000 0000 0000 0000 0000 0000 0000
0000 0000 0000 0000 0000 0000 0000 0000
0000 0000 0000 0000 0000 0000 0000 0000
0000 0000 0000 0000 0000 0000 0000 0000
0000 0000 0000 0000 0000 0000 0000 0000
0000 0000 0000 0000 0000 0000 0000 0000
0000 0000 0000 0000 0000 0000 0000 0000
0000 0000 0000 0000 0000 0000 0000 0000
0000 0000 0000 0000 0000 0000 0000 0000
0000 0000 0000 0000 0000 0000 0000 0000
0000 0000 0000 0000 0000 0000 0000 0000
0000 0000 0000 0000 0000 0000 0000 0000
0000 0000 0000 0000 0000 0000 0000 0000
0000 0000 0000 0000 0000 0000 0000 0000
0000 0000 0000 0000 0000 0000 0000 0000
0000 0000 0000 0000 0000 0000 0000 0000
0000 0000 0000 0000 0000 0000 0000 0000
0000 0000 0000 0000 0000 0000 0000 0000
0000 0000 0000 0000 0000 0000 0000 0000
0000 0000 0000 0000 0000 0000 0000 0000
0000 0000 0000 0000 0000 0000 0000 0000
0000 0000 0000 0000 0000 0000 0000 0000
0000 0000 0000 0000 0000 0000 0000 0000
0000 0000 0000 0000 0000 0000 0000 0000
0000 0000 0000 0000 0000 0000 0000 0000
0000 0000 0000 0000 e013 0000 0000 0000
7d17 0000 0000 0000 a013 0000 0000 0000
0100 0000 0000 0000 0100 0000 0000 0000
0100 0000 0000 0000 9a02 0000 0000 0000
0100 0000 0000 0000 b702 0000 0000 0000
0c00 0000 0000 0000 0010 0000 0000 0000
0d00 0000 0000 0000 4818 0000 0000 0000
1900 0000 0000 0000 d83c 0000 0000 0000
1b00 0000 0000 0000 1000 0000 0000 0000
1a00 0000 0000 0000 e83c 0000 0000 0000
1c00 0000 0000 0000 0800 0000 0000 0000
f5fe ff6f 0000 0000 a003 0000 0000 0000
0500 0000 0000 0000 0807 0000 0000 0000
0600 0000 0000 0000 d803 0000 0000 0000
0a00 0000 0000 0000 8a03 0000 0000 0000
0b00 0000 0000 0000 1800 0000 0000 0000
1500 0000 0000 0000 0000 0000 0000 0000
0300 0000 0000 0000 003f 0000 0000 0000
0200 0000 0000 0000 1002 0000 0000 0000
1400 0000 0000 0000 0700 0000 0000 0000
1700 0000 0000 0000 d00c 0000 0000 0000
0700 0000 0000 0000 680b 0000 0000 0000
0800 0000 0000 0000 6801 0000 0000 0000
0900 0000 0000 0000 1800 0000 0000 0000
1e00 0000 0000 0000 0800 0000 0000 0000
fbff ff6f 0000 0000 0100 0008 0000 0000
feff ff6f 0000 0000 d80a 0000 0000 0000
ffff ff6f 0000 0000 0300 0000 0000 0000
f0ff ff6f 0000 0000 920a 0000 0000 0000
f9ff ff6f 0000 0000 0400 0000 0000 0000
0000 0000 0000 0000 0000 0000 0000 0000
0000 0000 0000 0000 0000 0000 0000 0000
0000 0000 0000 0000 0000 0000 0000 0000
0000 0000 0000 0000 0000 0000 0000 0000
0000 0000 0000 0000 0000 0000 0000 0000
f03c 0000 0000 0000 0000 0000 0000 0000
0000 0000 0000 0000 3010 0000 0000 0000
4010 0000 0000 0000 5010 0000 0000 0000
6010 0000 0000 0000 7010 0000 0000 0000
8010 0000 0000 0000 9010 0000 0000 0000
a010 0000 0000 0000 b010 0000 0000 0000
c010 0000 0000 0000 d010 0000 0000 0000
e010 0000 0000 0000 f010 0000 0000 0000
0011 0000 0000 0000 1011 0000 0000 0000
2011 0000 0000 0000 3011 0000 0000 0000
4011 0000 0000 0000 5011 0000 0000 0000
6011 0000 0000 0000 7011 0000 0000 0000
8011 0000 0000 0000 0000 0000 0000 0000
0000 0000 0000 0000 0000 0000 0000 0000
0000 0000 0000 0000 0000 0000 0000 0000
0000 0000 0000 0000 0000 0000 0000 0000
0000 0000 0000 0000 0840 0000 0000 0000
0000 0000 0000 0000 4743 433a 2028 5562
756e 7475 2039 2e33 2e30 2d31 3775 6275
6e74 7531 7e32 302e 3034 2920 392e 332e
3000 0000 0000 0000 0000 0000 0000 0000
0000 0000 0000 0000 0000 0000 0000 0000
0000 0000 0300 0100 1803 0000 0000 0000
0000 0000 0000 0000 0000 0000 0300 0200
3803 0000 0000 0000 0000 0000 0000 0000
0000 0000 0300 0300 5803 0000 0000 0000
0000 0000 0000 0000 0000 0000 0300 0400
7c03 0000 0000 0000 0000 0000 0000 0000
0000 0000 0300 0500 a003 0000 0000 0000
0000 0000 0000 0000 0000 0000 0300 0600
d803 0000 0000 0000 0000 0000 0000 0000
0000 0000 0300 0700 0807 0000 0000 0000
0000 0000 0000 0000 0000 0000 0300 0800
920a 0000 0000 0000 0000 0000 0000 0000
0000 0000 0300 0900 d80a 0000 0000 0000
0000 0000 0000 0000 0000 0000 0300 0a00
680b 0000 0000 0000 0000 0000 0000 0000
0000 0000 0300 0b00 d00c 0000 0000 0000
0000 0000 0000 0000 0000 0000 0300 0c00
0010 0000 0000 0000 0000 0000 0000 0000
0000 0000 0300 0d00 2010 0000 0000 0000
0000 0000 0000 0000 0000 0000 0300 0e00
9011 0000 0000 0000 0000 0000 0000 0000
0000 0000 0300 0f00 a011 0000 0000 0000
0000 0000 0000 0000 0000 0000 0300 1000
0013 0000 0000 0000 0000 0000 0000 0000
0000 0000 0300 1100 4818 0000 0000 0000
0000 0000 0000 0000 0000 0000 0300 1200
0020 0000 0000 0000 0000 0000 0000 0000
0000 0000 0300 1300 3021 0000 0000 0000
0000 0000 0000 0000 0000 0000 0300 1400
9021 0000 0000 0000 0000 0000 0000 0000
0000 0000 0300 1500 2023 0000 0000 0000
0000 0000 0000 0000 0000 0000 0300 1600
d83c 0000 0000 0000 0000 0000 0000 0000
0000 0000 0300 1700 e83c 0000 0000 0000
0000 0000 0000 0000 0000 0000 0300 1800
f03c 0000 0000 0000 0000 0000 0000 0000
0000 0000 0300 1900 003f 0000 0000 0000
0000 0000 0000 0000 0000 0000 0300 1a00
0040 0000 0000 0000 0000 0000 0000 0000
0000 0000 0300 1b00 4040 0000 0000 0000
0000 0000 0000 0000 0000 0000 0300 1c00
0000 0000 0000 0000 0000 0000 0000 0000
0100 0000 0400 f1ff 0000 0000 0000 0000
0000 0000 0000 0000 0c00 0000 0200 1000
3013 0000 0000 0000 0000 0000 0000 0000
0e00 0000 0200 1000 6013 0000 0000 0000
0000 0000 0000 0000 2100 0000 0200 1000
a013 0000 0000 0000 0000 0000 0000 0000
3700 0000 0100 1b00 9043 0000 0000 0000
0100 0000 0000 0000 4600 0000 0100 1700
e83c 0000 0000 0000 0000 0000 0000 0000
6d00 0000 0200 1000 e013 0000 0000 0000
0000 0000 0000 0000 7900 0000 0100 1600
d83c 0000 0000 0000 0000 0000 0000 0000
9800 0000 0400 f1ff 0000 0000 0000 0000
0000 0000 0000 0000 a300 0000 0100 1200
0820 0000 0000 0000 0100 0000 0000 0000
be00 0000 0100 1200 0920 0000 0000 0000
0100 0000 0000 0000 d300 0000 0100 1200
0a20 0000 0000 0000 0100 0000 0000 0000
e000 0000 0100 1b00 9143 0000 0000 0000
0100 0000 0000 0000 ef00 0000 0100 1200
0c20 0000 0000 0000 0400 0000 0000 0000
1601 0000 0100 1200 1020 0000 0000 0000
0100 0000 0000 0000 2801 0000 0100 1200
1120 0000 0000 0000 0100 0000 0000 0000
3b01 0000 0100 1200 1220 0000 0000 0000
0100 0000 0000 0000 4d01 0000 0100 1200
1420 0000 0000 0000 0400 0000 0000 0000
6c01 0000 0100 1200 1820 0000 0000 0000
0400 0000 0000 0000 8c01 0000 0100 1200
1c20 0000 0000 0000 0400 0000 0000 0000
ae01 0000 0100 1200 2020 0000 0000 0000
0400 0000 0000 0000 cf01 0000 0100 1200
2420 0000 0000 0000 0400 0000 0000 0000
f401 0000 0100 1200 2820 0000 0000 0000
0400 0000 0000 0000 1302 0000 0100 1200
2c20 0000 0000 0000 0400 0000 0000 0000
3502 0000 0100 1200 3020 0000 0000 0000
0400 0000 0000 0000 5202 0000 0100 1200
3420 0000 0000 0000 0400 0000 0000 0000
7002 0000 0100 1200 3820 0000 0000 0000
0400 0000 0000 0000 8f02 0000 0100 1200
3c20 0000 0000 0000 0400 0000 0000 0000
b602 0000 0100 1200 4020 0000 0000 0000
0400 0000 0000 0000 de02 0000 0100 1200
4420 0000 0000 0000 0400 0000 0000 0000
0603 0000 0100 1200 4820 0000 0000 0000
0400 0000 0000 0000 2e03 0000 0100 1200
4c20 0000 0000 0000 0400 0000 0000 0000
5603 0000 0100 1200 5020 0000 0000 0000
0400 0000 0000 0000 7e03 0000 0100 1200
5420 0000 0000 0000 0400 0000 0000 0000
a103 0000 0100 1200 5820 0000 0000 0000
0400 0000 0000 0000 ca03 0000 0100 1200
5c20 0000 0000 0000 0400 0000 0000 0000
f503 0000 0100 1200 6020 0000 0000 0000
0400 0000 0000 0000 2004 0000 0100 1200
6420 0000 0000 0000 0400 0000 0000 0000
4904 0000 0100 1200 6820 0000 0000 0000
0400 0000 0000 0000 6e04 0000 0100 1200
6c20 0000 0000 0000 0400 0000 0000 0000
9704 0000 0100 1200 7020 0000 0000 0000
0400 0000 0000 0000 c304 0000 0100 1200
7420 0000 0000 0000 0400 0000 0000 0000
eb04 0000 0100 1200 7820 0000 0000 0000
0400 0000 0000 0000 1105 0000 0100 1200
7c20 0000 0000 0000 0400 0000 0000 0000
3805 0000 0100 1200 8020 0000 0000 0000
0400 0000 0000 0000 6005 0000 0100 1200
8420 0000 0000 0000 0400 0000 0000 0000
8605 0000 0100 1200 8820 0000 0000 0000
0400 0000 0000 0000 ac05 0000 0100 1200
8c20 0000 0000 0000 0400 0000 0000 0000
d205 0000 0100 1200 9020 0000 0000 0000
0400 0000 0000 0000 fb05 0000 0100 1200
9420 0000 0000 0000 0400 0000 0000 0000
2106 0000 0100 1200 9820 0000 0000 0000
0400 0000 0000 0000 4706 0000 0100 1200
9c20 0000 0000 0000 0400 0000 0000 0000
7106 0000 0100 1200 a020 0000 0000 0000
0400 0000 0000 0000 9c06 0000 0100 1200
a420 0000 0000 0000 0400 0000 0000 0000
c206 0000 0100 1200 a820 0000 0000 0000
0800 0000 0000 0000 e806 0000 0200 1000
3017 0000 0000 0000 4d00 0000 0000 0000
1807 0000 0200 1000 7d17 0000 0000 0000
1900 0000 0000 0000 0100 0000 0400 f1ff
0000 0000 0000 0000 0000 0000 0000 0000
2c07 0000 0100 1400 1c23 0000 0000 0000
0000 0000 0000 0000 0000 0000 0400 f1ff
0000 0000 0000 0000 0000 0000 0000 0000
3a07 0000 0000 1300 3021 0000 0000 0000
0000 0000 0000 0000 890b 0000 0200 0c00
0010 0000 0000 0000 0000 0000 0000 0000
4d07 0000 0100 1800 f03c 0000 0000 0000
0000 0000 0000 0000 5607 0000 0000 1600
e83c 0000 0000 0000 0000 0000 0000 0000
6707 0000 0000 1600 d83c 0000 0000 0000
0000 0000 0000 0000 7a07 0000 0100 1900
003f 0000 0000 0000 0000 0000 0000 0000
9007 0000 1200 0000 0000 0000 0000 0000
0000 0000 0000 0000 a307 0000 1200 0000
0000 0000 0000 0000 0000 0000 0000 0000
1c08 0000 1000 1a00 1840 0000 0000 0000
0000 0000 0000 0000 2308 0000 1200 0000
0000 0000 0000 0000 0000 0000 0000 0000
3708 0000 1200 0000 0000 0000 0000 0000
0000 0000 0000 0000 e50a 0000 2000 1a00
0040 0000 0000 0000 0000 0000 0000 0000
8a08 0000 1200 0000 0000 0000 0000 0000
0000 0000 0000 0000 9c08 0000 1100 1200
0020 0000 0000 0000 0400 0000 0000 0000
ab08 0000 1200 0000 0000 0000 0000 0000
0000 0000 0000 0000 fa08 0000 2200 0000
0000 0000 0000 0000 0000 0000 0000 0000
2707 0000 1200 1000 e913 0000 0000 0000
4703 0000 0000 0000 1609 0000 1200 0000
0000 0000 0000 0000 0000 0000 0000 0000
5e09 0000 1200 0000 0000 0000 0000 0000
0000 0000 0000 0000 7009 0000 1102 1a00
0840 0000 0000 0000 0000 0000 0000 0000
7d09 0000 1200 0000 0000 0000 0000 0000
0000 0000 0000 0000 c709 0000 2102 1a00
1040 0000 0000 0000 0800 0000 0000 0000
000c 0000 1202 1100 4818 0000 0000 0000
0000 0000 0000 0000 e309 0000 1200 0000
0000 0000 0000 0000 0000 0000 0000 0000
f809 0000 1200 0000 0000 0000 0000 0000
0000 0000 0000 0000 120a 0000 1200 0000
0000 0000 0000 0000 0000 0000 0000 0000
e90a 0000 1200 1000 0013 0000 0000 0000
2f00 0000 0000 0000 260a 0000 1200 0000
0000 0000 0000 0000 0000 0000 0000 0000
6b0a 0000 1200 0000 0000 0000 0000 0000
0000 0000 0000 0000 890a 0000 1200 0000
0000 0000 0000 0000 0000 0000 0000 0000
a50a 0000 1200 0000 0000 0000 0000 0000
0000 0000 0000 0000 c00a 0000 1102 1a00
1840 0000 0000 0000 0000 0000 0000 0000
000a 0000 1200 0000 0000 0000 0000 0000
0000 0000 0000 0000 cc0a 0000 1100 1b00
4040 0000 0000 0000 1001 0000 0000 0000
e30a 0000 1000 1a00 0040 0000 0000 0000
0000 0000 0000 0000 6207 0000 1000 1b00
9843 0000 0000 0000 0000 0000 0000 0000
f00a 0000 1200 0000 0000 0000 0000 0000
0000 0000 0000 0000 3a0b 0000 1200 0000
0000 0000 0000 0000 0000 0000 0000 0000
4e0b 0000 1000 1b00 1840 0000 0000 0000
0000 0000 0000 0000 5a0b 0000 1200 0000
0000 0000 0000 0000 0000 0000 0000 0000
7f0b 0000 1200 1000 d017 0000 0000 0000
6500 0000 0000 0000 8f0b 0000 1200 0000
0000 0000 0000 0000 0000 0000 0000 0000
a10b 0000 1200 0000 0000 0000 0000 0000
0000 0000 0000 0000 c20b 0000 2000 0000
0000 0000 0000 0000 0000 0000 0000 0000
de0b 0000 1200 0000 0000 0000 0000 0000
0000 0000 0000 0000 f60b 0000 1200 1000
4018 0000 0000 0000 0500 0000 0000 0000
060c 0000 1100 1b00 6041 0000 0000 0000
1801 0000 0000 0000 1c0c 0000 1200 0000
0000 0000 0000 0000 0000 0000 0000 0000
3b0c 0000 2000 0000 0000 0000 0000 0000
0000 0000 0000 0000 4a0c 0000 2000 0000
0000 0000 0000 0000 0000 0000 0000 0000
640c 0000 1100 1b00 8042 0000 0000 0000
1001 0000 0000 0000 7b0c 0000 1200 0000
0000 0000 0000 0000 0000 0000 0000 0000
8e0c 0000 2200 1000 9617 0000 0000 0000
2e00 0000 0000 0000 db0c 0000 1200 0000
0000 0000 0000 0000 0000 0000 0000 0000
0063 7274 7374 7566 662e 6300 6465 7265
6769 7374 6572 5f74 6d5f 636c 6f6e 6573
005f 5f64 6f5f 676c 6f62 616c 5f64 746f
7273 5f61 7578 0063 6f6d 706c 6574 6564
2e38 3036 3000 5f5f 646f 5f67 6c6f 6261
6c5f 6474 6f72 735f 6175 785f 6669 6e69
5f61 7272 6179 5f65 6e74 7279 0066 7261
6d65 5f64 756d 6d79 005f 5f66 7261 6d65
5f64 756d 6d79 5f69 6e69 745f 6172 7261
795f 656e 7472 7900 636c 6965 6e74 2e63
7070 005f 5a53 744c 3139 7069 6563 6577
6973 655f 636f 6e73 7472 7563 7400 5f5a
5374 4c31 3361 6c6c 6f63 6174 6f72 5f61
7267 005f 5a53 744c 3669 676e 6f72 6500
5f5a 5374 4c38 5f5f 696f 696e 6974 005f
5a4e 395f 5f67 6e75 5f63 7878 4c32 315f
5f64 6566 6175 6c74 5f6c 6f63 6b5f 706f
6c69 6379 4500 5f5a 5374 4c31 3064 6566
6572 5f6c 6f63 6b00 5f5a 5374 4c31 3174
7279 5f74 6f5f 6c6f 636b 005f 5a53 744c
3130 6164 6f70 745f 6c6f 636b 005f 5a4e
5374 3135 7265 6765 785f 636f 6e73 7461
6e74 734c 3569 6361 7365 4500 5f5a 4e53
7431 3572 6567 6578 5f63 6f6e 7374 616e
7473 4c36 6e6f 7375 6273 4500 5f5a 4e53
7431 3572 6567 6578 5f63 6f6e 7374 616e
7473 4c38 6f70 7469 6d69 7a65 4500 5f5a
4e53 7431 3572 6567 6578 5f63 6f6e 7374
616e 7473 4c37 636f 6c6c 6174 6545 005f
5a4e 5374 3135 7265 6765 785f 636f 6e73
7461 6e74 734c 3130 4543 4d41 5363 7269
7074 4500 5f5a 4e53 7431 3572 6567 6578
5f63 6f6e 7374 616e 7473 4c35 6261 7369
6345 005f 5a4e 5374 3135 7265 6765 785f
636f 6e73 7461 6e74 734c 3865 7874 656e
6465 6445 005f 5a4e 5374 3135 7265 6765
785f 636f 6e73 7461 6e74 734c 3361 776b
4500 5f5a 4e53 7431 3572 6567 6578 5f63
6f6e 7374 616e 7473 4c34 6772 6570 4500
5f5a 4e53 7431 3572 6567 6578 5f63 6f6e
7374 616e 7473 4c35 6567 7265 7045 005f
5a4e 5374 3135 7265 6765 785f 636f 6e73
7461 6e74 734c 3132 5f5f 706f 6c79 6e6f
6d69 616c 4500 5f5a 4e53 7431 3572 6567
6578 5f63 6f6e 7374 616e 7473 4c31 336d
6174 6368 5f64 6566 6175 6c74 4500 5f5a
4e53 7431 3572 6567 6578 5f63 6f6e 7374
616e 7473 4c31 336d 6174 6368 5f6e 6f74
5f62 6f6c 4500 5f5a 4e53 7431 3572 6567
6578 5f63 6f6e 7374 616e 7473 4c31 336d
6174 6368 5f6e 6f74 5f65 6f6c 4500 5f5a
4e53 7431 3572 6567 6578 5f63 6f6e 7374
616e 7473 4c31 336d 6174 6368 5f6e 6f74
5f62 6f77 4500 5f5a 4e53 7431 3572 6567
6578 5f63 6f6e 7374 616e 7473 4c31 336d
6174 6368 5f6e 6f74 5f65 6f77 4500 5f5a
4e53 7431 3572 6567 6578 5f63 6f6e 7374
616e 7473 4c39 6d61 7463 685f 616e 7945
005f 5a4e 5374 3135 7265 6765 785f 636f
6e73 7461 6e74 734c 3134 6d61 7463 685f
6e6f 745f 6e75 6c6c 4500 5f5a 4e53 7431
3572 6567 6578 5f63 6f6e 7374 616e 7473
4c31 366d 6174 6368 5f63 6f6e 7469 6e75
6f75 7345 005f 5a4e 5374 3135 7265 6765
785f 636f 6e73 7461 6e74 734c 3136 6d61
7463 685f 7072 6576 5f61 7661 696c 4500
5f5a 4e53 7431 3572 6567 6578 5f63 6f6e
7374 616e 7473 4c31 3466 6f72 6d61 745f
6465 6661 756c 7445 005f 5a4e 5374 3135
7265 6765 785f 636f 6e73 7461 6e74 734c
3130 666f 726d 6174 5f73 6564 4500 5f5a
4e53 7431 3572 6567 6578 5f63 6f6e 7374
616e 7473 4c31 3466 6f72 6d61 745f 6e6f
5f63 6f70 7945 005f 5a4e 5374 3135 7265
6765 785f 636f 6e73 7461 6e74 734c 3137
666f 726d 6174 5f66 6972 7374 5f6f 6e6c
7945 005f 5a4e 5374 3135 7265 6765 785f
636f 6e73 7461 6e74 734c 3133 6572 726f
725f 636f 6c6c 6174 6545 005f 5a4e 5374
3135 7265 6765 785f 636f 6e73 7461 6e74
734c 3131 6572 726f 725f 6374 7970 6545
005f 5a4e 5374 3135 7265 6765 785f 636f
6e73 7461 6e74 734c 3132 6572 726f 725f
6573 6361 7065 4500 5f5a 4e53 7431 3572
6567 6578 5f63 6f6e 7374 616e 7473 4c31
3365 7272 6f72 5f62 6163 6b72 6566 4500
5f5a 4e53 7431 3572 6567 6578 5f63 6f6e
7374 616e 7473 4c31 3165 7272 6f72 5f62
7261 636b 4500 5f5a 4e53 7431 3572 6567
6578 5f63 6f6e 7374 616e 7473 4c31 3165
7272 6f72 5f70 6172 656e 4500 5f5a 4e53
7431 3572 6567 6578 5f63 6f6e 7374 616e
7473 4c31 3165 7272 6f72 5f62 7261 6365
4500 5f5a 4e53 7431 3572 6567 6578 5f63
6f6e 7374 616e 7473 4c31 3465 7272 6f72
5f62 6164 6272 6163 6545 005f 5a4e 5374
3135 7265 6765 785f 636f 6e73 7461 6e74
734c 3131 6572 726f 725f 7261 6e67 6545
005f 5a4e 5374 3135 7265 6765 785f 636f
6e73 7461 6e74 734c 3131 6572 726f 725f
7370 6163 6545 005f 5a4e 5374 3135 7265
6765 785f 636f 6e73 7461 6e74 734c 3135
6572 726f 725f 6261 6472 6570 6561 7445
005f 5a4e 5374 3135 7265 6765 785f 636f
6e73 7461 6e74 734c 3136 6572 726f 725f
636f 6d70 6c65 7869 7479 4500 5f5a 4e53
7431 3572 6567 6578 5f63 6f6e 7374 616e
7473 4c31 3165 7272 6f72 5f73 7461 636b
4500 5f5a 4e53 7438 5f5f 6465 7461 696c
4c31 395f 535f 696e 7661 6c69 645f 7374
6174 655f 6964 4500 5f5a 3431 5f5f 7374
6174 6963 5f69 6e69 7469 616c 697a 6174
696f 6e5f 616e 645f 6465 7374 7275 6374
696f 6e5f 3069 6900 5f47 4c4f 4241 4c5f
5f73 7562 5f49 5f6d 6169 6e00 5f5f 4652
414d 455f 454e 445f 5f00 5f5f 474e 555f
4548 5f46 5241 4d45 5f48 4452 005f 4459
4e41 4d49 4300 5f5f 696e 6974 5f61 7272
6179 5f65 6e64 005f 5f69 6e69 745f 6172
7261 795f 7374 6172 7400 5f47 4c4f 4241
4c5f 4f46 4653 4554 5f54 4142 4c45 5f00
6874 6f6e 7340 4047 4c49 4243 5f32 2e32
2e35 005f 5a53 7437 6765 746c 696e 6549
6353 7431 3163 6861 725f 7472 6169 7473
4963 4553 6149 6345 4552 5374 3133 6261
7369 635f 6973 7472 6561 6d49 545f 5430
5f45 5337 5f52 4e53 7437 5f5f 6378 7831
3131 3262 6173 6963 5f73 7472 696e 6749
5334 5f53 355f 5431 5f45 4540 4047 4c49
4243 5858 5f33 2e34 2e32 3100 5f65 6461
7461 0073 6f63 6b65 7440 4047 4c49 4243
5f32 2e32 2e35 005f 5a4e 4b53 7437 5f5f
6378 7831 3131 3262 6173 6963 5f73 7472
696e 6749 6353 7431 3163 6861 725f 7472
6169 7473 4963 4553 6149 6345 4537 636f
6d70 6172 6545 504b 6340 4047 4c49 4243
5858 5f33 2e34 2e32 3100 7265 6376 4040
474c 4942 435f 322e 322e 3500 5f49 4f5f
7374 6469 6e5f 7573 6564 005f 5a4e 4b53
7437 5f5f 6378 7831 3131 3262 6173 6963
5f73 7472 696e 6749 6353 7431 3163 6861
725f 7472 6169 7473 4963 4553 6149 6345
4535 635f 7374 7245 7640 4047 4c49 4243
5858 5f33 2e34 2e32 3100 5f5f 6378 615f
6669 6e61 6c69 7a65 4040 474c 4942 435f
322e 322e 3500 5f5a 5374 3465 6e64 6c49
6353 7431 3163 6861 725f 7472 6169 7473
4963 4545 5253 7431 3362 6173 6963 5f6f
7374 7265 616d 4954 5f54 305f 4553 365f
4040 474c 4942 4358 585f 332e 3400 7365
6e64 4040 474c 4942 435f 322e 322e 3500
5f5f 6473 6f5f 6861 6e64 6c65 005f 5a4e
5374 375f 5f63 7878 3131 3132 6261 7369
635f 7374 7269 6e67 4963 5374 3131 6368
6172 5f74 7261 6974 7349 6345 5361 4963
4545 4431 4576 4040 474c 4942 4358 585f
332e 342e 3231 0044 572e 7265 662e 5f5f
6778 785f 7065 7273 6f6e 616c 6974 795f
7630 0063 6f6e 6e65 6374 4040 474c 4942
435f 322e 322e 3500 5f5f 6378 615f 6174
6578 6974 4040 474c 4942 435f 322e 322e
3500 7374 7263 7079 4040 474c 4942 435f
322e 322e 3500 5f5a 5374 6c73 4953 7431
3163 6861 725f 7472 6169 7473 4963 4545
5253 7431 3362 6173 6963 5f6f 7374 7265
616d 4963 545f 4553 355f 504b 6340 4047
4c49 4243 5858 5f33 2e34 005f 5a4e 536f
6c73 4550 4652 536f 535f 4540 4047 4c49
4243 5858 5f33 2e34 005f 5f73 7461 636b
5f63 686b 5f66 6169 6c40 4047 4c49 4243
5f32 2e34 0067 6574 686f 7374 6279 6e61
6d65 4040 474c 4942 435f 322e 322e 3500
5f5f 544d 435f 454e 445f 5f00 5f5a 5374
3463 6f75 7440 4047 4c49 4243 5858 5f33
2e34 005f 5f64 6174 615f 7374 6172 7400
5f5a 4e53 7437 5f5f 6378 7831 3131 3262
6173 6963 5f73 7472 696e 6749 6353 7431
3163 6861 725f 7472 6169 7473 4963 4553
6149 6345 4543 3145 7640 4047 4c49 4243
5858 5f33 2e34 2e32 3100 7374 7263 6d70
4040 474c 4942 435f 322e 322e 3500 5f5f
6273 735f 7374 6172 7400 5f5a 4e53 7438
696f 735f 6261 7365 3449 6e69 7443 3145
7640 4047 4c49 4243 5858 5f33 2e34 005f
5f6c 6962 635f 6373 755f 696e 6974 0061
746f 6940 4047 4c49 4243 5f32 2e32 2e35
005f 5f67 7878 5f70 6572 736f 6e61 6c69
7479 5f76 3040 4043 5858 4142 495f 312e
3300 5f49 544d 5f64 6572 6567 6973 7465
7254 4d43 6c6f 6e65 5461 626c 6500 5f55
6e77 696e 645f 5265 7375 6d65 4040 4743
435f 332e 3000 5f5f 6c69 6263 5f63 7375
5f66 696e 6900 5f5a 5374 3363 696e 4040
474c 4942 4358 585f 332e 3400 5f5f 6c69
6263 5f73 7461 7274 5f6d 6169 6e40 4047
4c49 4243 5f32 2e32 2e35 005f 5f67 6d6f
6e5f 7374 6172 745f 5f00 5f49 544d 5f72
6567 6973 7465 7254 4d43 6c6f 6e65 5461
626c 6500 5f5a 5374 3463 6572 7240 4047
4c49 4243 5858 5f33 2e34 0063 6c6f 7365
4040 474c 4942 435f 322e 322e 3500 5f5a
5374 6571 4963 5374 3131 6368 6172 5f74
7261 6974 7349 6345 5361 4963 4545 6252
4b4e 5374 375f 5f63 7878 3131 3132 6261
7369 635f 7374 7269 6e67 4954 5f54 305f
5431 5f45 4550 4b53 355f 005f 5a4e 5374
3869 6f73 5f62 6173 6534 496e 6974 4431
4576 4040 474c 4942 4358 585f 332e 3400
002e 7379 6d74 6162 002e 7374 7274 6162
002e 7368 7374 7274 6162 002e 696e 7465
7270 002e 6e6f 7465 2e67 6e75 2e70 726f
7065 7274 7900 2e6e 6f74 652e 676e 752e
6275 696c 642d 6964 002e 6e6f 7465 2e41
4249 2d74 6167 002e 676e 752e 6861 7368
002e 6479 6e73 796d 002e 6479 6e73 7472
002e 676e 752e 7665 7273 696f 6e00 2e67
6e75 2e76 6572 7369 6f6e 5f72 002e 7265
6c61 2e64 796e 002e 7265 6c61 2e70 6c74
002e 696e 6974 002e 706c 742e 676f 7400
2e70 6c74 2e73 6563 002e 7465 7874 002e
6669 6e69 002e 726f 6461 7461 002e 6568
5f66 7261 6d65 5f68 6472 002e 6568 5f66
7261 6d65 002e 6763 635f 6578 6365 7074
5f74 6162 6c65 002e 696e 6974 5f61 7272
6179 002e 6669 6e69 5f61 7272 6179 002e
6479 6e61 6d69 6300 2e64 6174 6100 2e62
7373 002e 636f 6d6d 656e 7400 0000 0000
0000 0000 0000 0000 0000 0000 0000 0000
0000 0000 0000 0000 0000 0000 0000 0000
0000 0000 0000 0000 0000 0000 0000 0000
0000 0000 0000 0000 0000 0000 0000 0000
1b00 0000 0100 0000 0200 0000 0000 0000
1803 0000 0000 0000 1803 0000 0000 0000
1c00 0000 0000 0000 0000 0000 0000 0000
0100 0000 0000 0000 0000 0000 0000 0000
2300 0000 0700 0000 0200 0000 0000 0000
3803 0000 0000 0000 3803 0000 0000 0000
2000 0000 0000 0000 0000 0000 0000 0000
0800 0000 0000 0000 0000 0000 0000 0000
3600 0000 0700 0000 0200 0000 0000 0000
5803 0000 0000 0000 5803 0000 0000 0000
2400 0000 0000 0000 0000 0000 0000 0000
0400 0000 0000 0000 0000 0000 0000 0000
4900 0000 0700 0000 0200 0000 0000 0000
7c03 0000 0000 0000 7c03 0000 0000 0000
2000 0000 0000 0000 0000 0000 0000 0000
0400 0000 0000 0000 0000 0000 0000 0000
5700 0000 f6ff ff6f 0200 0000 0000 0000
a003 0000 0000 0000 a003 0000 0000 0000
3400 0000 0000 0000 0600 0000 0000 0000
0800 0000 0000 0000 0000 0000 0000 0000
6100 0000 0b00 0000 0200 0000 0000 0000
d803 0000 0000 0000 d803 0000 0000 0000
3003 0000 0000 0000 0700 0000 0100 0000
0800 0000 0000 0000 1800 0000 0000 0000
6900 0000 0300 0000 0200 0000 0000 0000
0807 0000 0000 0000 0807 0000 0000 0000
8a03 0000 0000 0000 0000 0000 0000 0000
0100 0000 0000 0000 0000 0000 0000 0000
7100 0000 ffff ff6f 0200 0000 0000 0000
920a 0000 0000 0000 920a 0000 0000 0000
4400 0000 0000 0000 0600 0000 0000 0000
0200 0000 0000 0000 0200 0000 0000 0000
7e00 0000 feff ff6f 0200 0000 0000 0000
d80a 0000 0000 0000 d80a 0000 0000 0000
9000 0000 0000 0000 0700 0000 0300 0000
0800 0000 0000 0000 0000 0000 0000 0000
8d00 0000 0400 0000 0200 0000 0000 0000
680b 0000 0000 0000 680b 0000 0000 0000
6801 0000 0000 0000 0600 0000 0000 0000
0800 0000 0000 0000 1800 0000 0000 0000
9700 0000 0400 0000 4200 0000 0000 0000
d00c 0000 0000 0000 d00c 0000 0000 0000
1002 0000 0000 0000 0600 0000 1900 0000
0800 0000 0000 0000 1800 0000 0000 0000
a100 0000 0100 0000 0600 0000 0000 0000
0010 0000 0000 0000 0010 0000 0000 0000
1b00 0000 0000 0000 0000 0000 0000 0000
0400 0000 0000 0000 0000 0000 0000 0000
9c00 0000 0100 0000 0600 0000 0000 0000
2010 0000 0000 0000 2010 0000 0000 0000
7001 0000 0000 0000 0000 0000 0000 0000
1000 0000 0000 0000 1000 0000 0000 0000
a700 0000 0100 0000 0600 0000 0000 0000
9011 0000 0000 0000 9011 0000 0000 0000
1000 0000 0000 0000 0000 0000 0000 0000
1000 0000 0000 0000 1000 0000 0000 0000
b000 0000 0100 0000 0600 0000 0000 0000
a011 0000 0000 0000 a011 0000 0000 0000
6001 0000 0000 0000 0000 0000 0000 0000
1000 0000 0000 0000 1000 0000 0000 0000
b900 0000 0100 0000 0600 0000 0000 0000
0013 0000 0000 0000 0013 0000 0000 0000
4505 0000 0000 0000 0000 0000 0000 0000
1000 0000 0000 0000 0000 0000 0000 0000
bf00 0000 0100 0000 0600 0000 0000 0000
4818 0000 0000 0000 4818 0000 0000 0000
0d00 0000 0000 0000 0000 0000 0000 0000
0400 0000 0000 0000 0000 0000 0000 0000
c500 0000 0100 0000 0200 0000 0000 0000
0020 0000 0000 0000 0020 0000 0000 0000
2d01 0000 0000 0000 0000 0000 0000 0000
0800 0000 0000 0000 0000 0000 0000 0000
cd00 0000 0100 0000 0200 0000 0000 0000
3021 0000 0000 0000 3021 0000 0000 0000
5c00 0000 0000 0000 0000 0000 0000 0000
0400 0000 0000 0000 0000 0000 0000 0000
db00 0000 0100 0000 0200 0000 0000 0000
9021 0000 0000 0000 9021 0000 0000 0000
9001 0000 0000 0000 0000 0000 0000 0000
0800 0000 0000 0000 0000 0000 0000 0000
e500 0000 0100 0000 0200 0000 0000 0000
2023 0000 0000 0000 2023 0000 0000 0000
1500 0000 0000 0000 0000 0000 0000 0000
0100 0000 0000 0000 0000 0000 0000 0000
f700 0000 0e00 0000 0300 0000 0000 0000
d83c 0000 0000 0000 d82c 0000 0000 0000
1000 0000 0000 0000 0000 0000 0000 0000
0800 0000 0000 0000 0800 0000 0000 0000
0301 0000 0f00 0000 0300 0000 0000 0000
e83c 0000 0000 0000 e82c 0000 0000 0000
0800 0000 0000 0000 0000 0000 0000 0000
0800 0000 0000 0000 0800 0000 0000 0000
0f01 0000 0600 0000 0300 0000 0000 0000
f03c 0000 0000 0000 f02c 0000 0000 0000
1002 0000 0000 0000 0700 0000 0000 0000
0800 0000 0000 0000 1000 0000 0000 0000
ab00 0000 0100 0000 0300 0000 0000 0000
003f 0000 0000 0000 002f 0000 0000 0000
0001 0000 0000 0000 0000 0000 0000 0000
0800 0000 0000 0000 0800 0000 0000 0000
1801 0000 0100 0000 0300 0000 0000 0000
0040 0000 0000 0000 0030 0000 0000 0000
1800 0000 0000 0000 0000 0000 0000 0000
0800 0000 0000 0000 0000 0000 0000 0000
1e01 0000 0800 0000 0300 0000 0000 0000
4040 0000 0000 0000 1830 0000 0000 0000
5803 0000 0000 0000 0000 0000 0000 0000
4000 0000 0000 0000 0000 0000 0000 0000
2301 0000 0100 0000 3000 0000 0000 0000
0000 0000 0000 0000 1830 0000 0000 0000
2a00 0000 0000 0000 0000 0000 0000 0000
0100 0000 0000 0000 0100 0000 0000 0000
0100 0000 0200 0000 0000 0000 0000 0000
0000 0000 0000 0000 4830 0000 0000 0000
680d 0000 0000 0000 1e00 0000 5f00 0000
0800 0000 0000 0000 1800 0000 0000 0000
0900 0000 0300 0000 0000 0000 0000 0000
0000 0000 0000 0000 b03d 0000 0000 0000
000d 0000 0000 0000 0000 0000 0000 0000
0100 0000 0000 0000 0000 0000 0000 0000
1100 0000 0300 0000 0000 0000 0000 0000
0000 0000 0000 0000 b04a 0000 0000 0000
2c01 0000 0000 0000 0000 0000 0000 0000
0100 0000 0000 0000 0000 0000 0000 0000
